# Expected DMEM values after BCAST kernel execution
# Format: DMEM_ADDR HEX_VALUE FLOAT_VALUE
59 3ED73ED73ED73ED7 0.419922
60 0000000000000000 0.000000
61 0000000000000000 0.000000
62 0000000000000000 0.000000
63 3FC83FC83FC83FC8 1.562500
64 3FE63FE63FE63FE6 1.796875
65 4007400740074007 2.109375
66 3F453F453F453F45 0.769531
67 3C803C803C803C80 0.015625
68 0000000000000000 0.000000
69 3F9A3F9A3F9A3F9A 1.203125
70 0000000000000000 0.000000
71 3F9F3F9F3F9F3F9F 1.242188
72 0000000000000000 0.000000
73 0000000000000000 0.000000
74 3FD43FD43FD43FD4 1.656250
109 3F8D3F8D3F8D3F8D 1.101562
110 3F2E3F2E3F2E3F2E 0.679688
111 3DB93DB93DB93DB9 0.090332
112 0000000000000000 0.000000
113 0000000000000000 0.000000
114 0000000000000000 0.000000
115 0000000000000000 0.000000
116 0000000000000000 0.000000
126 BF8CBF8CBF8CBF8C -1.093750
127 3D233D233D233D23 0.039795
