# Expected DMEM values after BCAST kernel execution
# Format: DMEM_ADDR HEX_VALUE FLOAT_VALUE
59 4030403040304030 2.750000
60 4030403040304030 2.750000
61 4030403040304030 2.750000
62 4030403040304030 2.750000
63 4030403040304030 2.750000
64 4030403040304030 2.750000
65 4030403040304030 2.750000
66 4030403040304030 2.750000
67 4030403040304030 2.750000
68 4030403040304030 2.750000
69 4030403040304030 2.750000
70 4030403040304030 2.750000
71 4030403040304030 2.750000
72 4030403040304030 2.750000
73 4030403040304030 2.750000
74 4030403040304030 2.750000
109 4130413041304130 11.000000
110 4130413041304130 11.000000
111 4130413041304130 11.000000
112 4130413041304130 11.000000
113 4130413041304130 11.000000
114 4130413041304130 11.000000
115 4130413041304130 11.000000
116 4130413041304130 11.000000
126 41B041B041B041B0 22.000000
127 41B041B041B041B0 22.000000
