# Expected DMEM values after kernel execution
# Format: DMEM_ADDR HEX_VALUE FLOAT_VALUE
203 0000000000000000 0.000000
204 0000000000000000 0.000000
205 3B003B003B003B00 0.001953
206 3F083F083F083F08 0.531250
207 0000000000000000 0.000000
208 3F893F893F893F89 1.070312
209 0000000000000000 0.000000
210 0000000000000000 0.000000
211 0000000000000000 0.000000
212 3E103E103E103E10 0.140625
213 3F213F213F213F21 0.628906
214 0000000000000000 0.000000
215 0000000000000000 0.000000
216 3EBE3EBE3EBE3EBE 0.371094
217 0000000000000000 0.000000
218 0000000000000000 0.000000
355 0000000000000000 0.000000
356 3BB53BB53BB53BB5 0.005524
357 3F003F003F003F00 0.500000
358 3EBE3EBE3EBE3EBE 0.371094
359 3EE63EE63EE63EE6 0.449219
360 3DC13DC13DC13DC1 0.094238
361 0000000000000000 0.000000
362 3F563F563F563F56 0.835938
381 3EDA3EDA3EDA3EDA 0.425781
382 BE2BBE2BBE2BBE2B -0.166992
