# Expected DMEM values after kernel execution
# Format: DMEM_ADDR HEX_VALUE FLOAT_VALUE
203 4030403040304030 2.750000
204 4030403040304030 2.750000
205 4030403040304030 2.750000
206 4030403040304030 2.750000
207 4030403040304030 2.750000
208 4030403040304030 2.750000
209 4030403040304030 2.750000
210 4030403040304030 2.750000
211 4030403040304030 2.750000
212 4030403040304030 2.750000
213 4030403040304030 2.750000
214 4030403040304030 2.750000
215 4030403040304030 2.750000
216 4030403040304030 2.750000
217 4030403040304030 2.750000
218 4030403040304030 2.750000
355 4130413041304130 11.000000
356 4130413041304130 11.000000
357 4130413041304130 11.000000
358 4130413041304130 11.000000
359 4130413041304130 11.000000
360 4130413041304130 11.000000
361 4130413041304130 11.000000
362 4130413041304130 11.000000
381 41B041B041B041B0 22.000000
382 41B041B041B041B0 22.000000
